Row.names	CHMp_rep1	CHMp_rep2	CHMm_rep1	CHMm_rep2	logFC	logCPM	LR	PValue	FDR
cfa-mir-429	0	0	5251	5016	-6.45210916	11.81779468	29.40859431	5.86E-08	3.94E-05
cfa-mir-200b	0	0	4871	4033	-6.242246323	11.66407603	25.38124373	4.70E-07	0.000158313
cfa-mir-200a	0	0	3966	3423	-5.97906483	11.48008041	21.09222286	4.38E-06	0.000981909
cfa-mir-141	0	0	3056	2684	-5.62206034	11.2473047	16.39398835	5.14E-05	0.00865615
cfa-mir-1-1	2956	2224	0	0	5.483026667	11.092913	15.41382608	8.64E-05	0.009686058
cfa-mir-1-2	2956	2224	0	0	5.483026667	11.092913	15.41382608	8.64E-05	0.009686058
cfa-mir-95	0	1080	4337	4493	-2.89961584	11.77394546	14.40404359	0.000147485	0.014179656
cfa-mir-889	2520	2026	0	0	5.299177004	10.98915202	13.52739526	0.000235106	0.019778303
cfa_novel_141	2524	1920	0	0	5.267192962	10.97169098	13.22306842	0.000276525	0.020677891
cfa-mir-455	1934	2186	0	0	5.161428804	10.91520568	12.26344553	0.000461918	0.03108707
cfa-mir-200c	1985	1418	6744	5954	-1.858316279	12.30083992	11.84179045	0.000579161	0.034971391
cfa-mir-147	0	0	2159	1936	-5.147620826	10.97016335	11.70429147	0.000623561	0.034971391
cfa-mir-676	0	0	1404	1913	-4.87244403	10.82702551	9.612828624	0.001932228	0.100029953
cfa_novel_26	1168	1901	0	0	4.750901914	10.71428917	9.139084955	0.002502062	0.120277697
cfa-mir-376a-1	1895	944	0	0	4.641388263	10.66560277	8.445253613	0.003659974	0.132642781
cfa-mir-376a-2	1895	944	0	0	4.641388263	10.66560277	8.445253613	0.003659974	0.132642781
cfa-mir-376a-3	1895	944	0	0	4.641388263	10.66560277	8.445253613	0.003659974	0.132642781
cfa_novel_136	0	0	1553	1389	-4.686431629	10.73769283	8.408882671	0.003733921	0.132642781
cfa_novel_8	1251	0	3310	3315	-2.302385416	11.53437584	8.403620673	0.003744744	0.132642781
cfa-mir-328	1098	1379	0	0	4.454057808	10.58704518	7.373943155	0.006617567	0.222681128
cfa_novel_75	1122	1245	0	0	4.391583761	10.56215502	7.046499769	0.00794203	0.254523141
cfa_novel_35	1754	558	0	0	4.35743361	10.54882256	6.873413768	0.008748737	0.260181282
cfa-mir-410	1626	675	0	0	4.350915872	10.54629982	6.840842451	0.008909681	0.260181282
cfa_novel_115	763	1491	0	0	4.32492038	10.53630747	6.712388273	0.009574541	0.260181282
cfa-mir-375	586	1456	4120	3291	-1.789885604	11.7082333	6.662438547	0.009846608	0.260181282
cfa_novel_93	0	0	0	2120	-4.329410038	10.5828662	6.490957459	0.010842457	0.260181282
cfa_novel_63	870	1245	0	0	4.237637302	10.50356331	6.297634363	0.012089921	0.260181282
cfa_novel_146	1660	414	0	0	4.209040992	10.49310349	6.167116573	0.013014656	0.260181282
cfa-mir-224	1122	944	0	0	4.205367585	10.49176937	6.150537328	0.013137218	0.260181282
cfa_novel_50	0	0	0	2000	-4.249557151	10.55117735	6.123150921	0.013342277	0.260181282
cfa_novel_51	0	0	0	2000	-4.249557151	10.55117735	6.123150921	0.013342277	0.260181282
cfa_novel_44	0	0	0	1980	-4.235443897	10.54568636	6.060235231	0.013825927	0.260181282
cfa_novel_53	0	0	0	1958	-4.220518324	10.53991499	5.994364538	0.01435165	0.260181282
cfa_novel_99	0	0	0	1936	-4.204886827	10.53390987	5.926105101	0.014918179	0.260181282
cfa_novel_110	0	0	0	1864	-4.153296021	10.51437376	5.705996258	0.016907057	0.260181282
cfa_novel_163	0	0	0	1864	-4.153296021	10.51437376	5.705996258	0.016907057	0.260181282
cfa_novel_98	0	0	0	1864	-4.153296021	10.51437376	5.705996258	0.016907057	0.260181282
cfa_novel_109	0	0	0	1838	-4.134126198	10.50722497	5.62619444	0.017694004	0.260181282
cfa_novel_45	0	0	0	1838	-4.134126198	10.50722497	5.62619444	0.017694004	0.260181282
cfa_novel_134	0	0	0	1825	-4.124127047	10.5035197	5.584987998	0.018115057	0.260181282
cfa_novel_52	0	0	0	1825	-4.124127047	10.5035197	5.584987998	0.018115057	0.260181282
cfa_novel_94	0	0	2079	0	-4.11913717	10.50167671	5.564531311	0.018327916	0.260181282
cfa_novel_95	0	0	2079	0	-4.11913717	10.50167671	5.564531311	0.018327916	0.260181282
cfa_novel_72	0	0	0	1811	-4.113831959	10.49972165	5.542859347	0.01855624	0.260181282
cfa_novel_153	0	0	0	1797	-4.103474984	10.49591801	5.500779715	0.019007996	0.260181282
cfa_novel_69	0	0	0	1797	-4.103474984	10.49591801	5.500779715	0.019007996	0.260181282
cfa_novel_71	0	0	0	1783	-4.092545655	10.49192289	5.456701021	0.019493417	0.260181282
cfa-mir-205	2187	2463	5996	4976	-1.208698385	12.25618627	5.419804496	0.019909589	0.260181282
cfa_novel_41	0	0	0	1753	-4.069620717	10.48360515	5.365320979	0.020541008	0.260181282
cfa_novel_62	0	0	0	1753	-4.069620717	10.48360515	5.365320979	0.020541008	0.260181282
cfa_novel_97	0	0	2001	0	-4.066856815	10.48260802	5.354401671	0.020670026	0.260181282
cfa_novel_83	0	0	1977	0	-4.050683158	10.47679752	5.290922362	0.021436863	0.260181282
cfa_novel_92	0	0	0	1721	-4.045126709	10.47481095	5.269277822	0.021705015	0.260181282
cfa_novel_19	836	0	1457	2713	-2.19916451	11.13634229	5.247208285	0.021982011	0.260181282
cfa_novel_68	0	0	1952	0	-4.033447687	10.47065142	5.224054287	0.022276557	0.260181282
cfa_novel_73	0	0	1952	0	-4.033447687	10.47065142	5.224054287	0.022276557	0.260181282
cfa_novel_49	0	0	1939	0	-4.024514099	10.46748431	5.189707914	0.022721035	0.260181282
cfa_novel_57	903	777	0	0	3.924663945	10.39609908	5.000729128	0.025336643	0.260181282
cfa-mir-32	1251	414	0	0	3.911506771	10.39191223	4.952130255	0.026058541	0.260181282
cfa_novel_156	0	0	0	1617	-3.960320418	10.44509708	4.949063602	0.026104804	0.260181282
cfa_novel_47	0	0	0	1617	-3.960320418	10.44509708	4.949063602	0.026104804	0.260181282
cfa_novel_77	965	675	0	0	3.891337733	10.38554451	4.878486708	0.02719345	0.260181282
cfa_novel_87	965	675	0	0	3.891337733	10.38554451	4.878486708	0.02719345	0.260181282
cfa_novel_74	1073	558	0	0	3.883882798	10.38320625	4.851525925	0.027621686	0.260181282
cfa-mir-8908a-1-3p	763	865	0	0	3.882300026	10.38271087	4.845819737	0.027713217	0.260181282
cfa-mir-8908a-2-3p	763	865	0	0	3.882300026	10.38271087	4.845819737	0.027713217	0.260181282
cfa-mir-8908a-3-3p	763	865	0	0	3.882300026	10.38271087	4.845819737	0.027713217	0.260181282
cfa-mir-8908a-4-3p	763	865	0	0	3.882300026	10.38271087	4.845819737	0.027713217	0.260181282
cfa_novel_60	0	0	0	1577	-3.927045607	10.43374675	4.82847611	0.027993363	0.260181282
cfa_novel_86	0	0	0	1577	-3.927045607	10.43374675	4.82847611	0.027993363	0.260181282
cfa_novel_137	0	0	1780	0	-3.909260955	10.42775081	4.765156242	0.029041423	0.260181282
cfa_novel_142	0	0	1780	0	-3.909260955	10.42775081	4.765156242	0.029041423	0.260181282
cfa_novel_121	0	0	1764	0	-3.896789605	10.42357537	4.721216989	0.029792651	0.260181282
cfa_novel_152	0	0	1764	0	-3.896789605	10.42357537	4.721216989	0.029792651	0.260181282
cfa_novel_155	0	0	1764	0	-3.896789605	10.42357537	4.721216989	0.029792651	0.260181282
cfa_novel_114	0	0	0	1536	-3.891067104	10.4216675	4.701182172	0.030141878	0.260181282
cfa_novel_117	0	0	0	1536	-3.891067104	10.4216675	4.701182172	0.030141878	0.260181282
cfa_novel_65	0	0	1747	0	-3.883907494	10.41928759	4.676227585	0.030582838	0.260181282
cfa_novel_140	0	0	1712	0	-3.856808571	10.41035093	4.582888735	0.032292731	0.260181282
cfa_novel_100	0	0	0	1491	-3.850963696	10.40843814	4.56298563	0.032670073	0.260181282
cfa_novel_145	0	0	0	1491	-3.850963696	10.40843814	4.56298563	0.032670073	0.260181282
cfa_novel_82	836	0	1553	2325	-2.087916584	11.08124045	4.561486257	0.032698686	0.260181282
cfa-mir-219-1-5p	836	675	0	0	3.781110812	10.35180887	4.493706498	0.034019842	0.260181282
cfa-mir-133a	3665	4162	0	2902	1.305563179	11.82281858	4.492510621	0.034043646	0.260181282
cfa-mir-133c	3665	4162	0	2902	1.305563179	11.82281858	4.492510621	0.034043646	0.260181282
cfa_novel_102	0	0	1676	0	-3.827735128	10.4008878	4.484679337	0.034199962	0.260181282
cfa_novel_112	0	0	1676	0	-3.827735128	10.4008878	4.484679337	0.034199962	0.260181282
cfa_novel_124	0	0	1676	0	-3.827735128	10.4008878	4.484679337	0.034199962	0.260181282
cfa_novel_118	0	0	0	1442	-3.806392665	10.39402266	4.413834315	0.035648627	0.260181282
cfa_novel_122	0	0	0	1442	-3.806392665	10.39402266	4.413834315	0.035648627	0.260181282
cfa_novel_149	0	0	0	1442	-3.806392665	10.39402266	4.413834315	0.035648627	0.260181282
cfa_novel_106	0	0	1637	0	-3.796412287	10.39083592	4.381062969	0.036340328	0.260181282
cfa_novel_147	0	0	1637	0	-3.796412287	10.39083592	4.381062969	0.036340328	0.260181282
cfa_novel_84	0	0	1637	0	-3.796412287	10.39083592	4.381062969	0.036340328	0.260181282
cfa-mir-33a	763	675	0	0	3.715687568	10.33262222	4.278848892	0.038589474	0.266533903
cfa-mir-204	4162	4565	1346	2360	1.184150445	11.97081334	4.274474269	0.038688931	0.266533903
cfa_novel_101	0	0	1597	0	-3.763115273	10.38031234	4.273355117	0.038714417	0.266533903
cfa_novel_104	0	0	0	1389	-3.756371202	10.37820105	4.251840777	0.03920781	0.266533903
cfa_novel_158	0	0	0	1389	-3.756371202	10.37820105	4.251840777	0.03920781	0.266533903
cfa_novel_133	0	0	1575	0	-3.745096272	10.37468647	4.216096332	0.040042182	0.26681573
cfa_novel_78	0	0	1575	0	-3.745096272	10.37468647	4.216096332	0.040042182	0.26681573
cfa_novel_119	0	0	1553	0	-3.72627315	10.36886103	4.157041144	0.041461773	0.268305513
cfa_novel_128	0	0	1553	0	-3.72627315	10.36886103	4.157041144	0.041461773	0.268305513
cfa_novel_157	0	0	1553	0	-3.72627315	10.36886103	4.157041144	0.041461773	0.268305513
cfa_novel_107	0	0	1530	0	-3.706579218	10.36282212	4.096073176	0.042982935	0.272901084
cfa_novel_132	0	0	1530	0	-3.706579218	10.36282212	4.096073176	0.042982935	0.272901084
cfa_novel_67	0	0	1507	0	-3.685939559	10.35655439	4.033064359	0.04461683	0.280627352
cfa_novel_113	0	0	1457	0	-3.641473729	10.34326236	3.900343448	0.048276238	0.293330238
cfa_novel_161	0	0	1457	0	-3.641473729	10.34326236	3.900343448	0.048276238	0.293330238
cfa-mir-542	2039	2327	1346	0	1.706620828	11.17782182	3.871464166	0.049113658	0.293330238
cfa-mir-124-1	353	944	0	0	3.581231629	10.29508948	3.866719319	0.049252706	0.293330238
cfa-mir-124-2	353	944	0	0	3.581231629	10.29508948	3.866719319	0.049252706	0.293330238
cfa-mir-124-3	353	944	0	0	3.581231629	10.29508948	3.866719319	0.049252706	0.293330238
cfa_novel_103	0	1292	0	0	3.576181344	10.29372848	3.851975331	0.04968744	0.293330238
cfa_novel_7	1344	1194	3983	2617	-1.319053766	11.66351896	3.777084012	0.051959137	0.302387126
cfa_novel_108	0	0	1404	0	-3.592051694	10.32882354	3.757550724	0.05256953	0.302387126
cfa_novel_125	0	0	1404	0	-3.592051694	10.32882354	3.757550724	0.05256953	0.302387126
cfa-mir-219-2-3p	0	1245	0	0	3.527577135	10.28080711	3.712686127	0.054000422	0.305397346
cfa_novel_105	0	1245	0	0	3.527577135	10.28080711	3.712686127	0.054000422	0.305397346
cfa-mir-338	994	239	0	0	3.511331941	10.27655929	3.667167471	0.055494419	0.306379084
cfa_novel_90	0	239	842	1268	-2.654717154	10.60627713	3.624947737	0.05691936	0.306379084
cfa-mir-211	723	490	0	0	3.489828368	10.27099065	3.607697856	0.057512682	0.306379084
cfa_novel_154	0	0	1346	0	-3.536591802	10.3130344	3.603031087	0.057674325	0.306379084
cfa_novel_165	0	0	1346	0	-3.536591802	10.3130344	3.603031087	0.057674325	0.306379084
cfa-mir-628	1212	0	0	0	3.48663921	10.27017	3.598953255	0.057815964	0.306379084
cfa_novel_120	1212	0	0	0	3.48663921	10.27017	3.598953255	0.057815964	0.306379084
cfa_novel_48	1212	0	0	0	3.48663921	10.27017	3.598953255	0.057815964	0.306379084
cfa-mir-1185	965	239	0	0	3.480055719	10.26848017	3.580962495	0.058445279	0.307294318
cfa_novel_135	0	1194	0	0	3.472216305	10.26647544	3.55964647	0.059200346	0.308851418
cfa_novel_55	1168	0	0	0	3.438968989	10.25806301	3.470520538	0.062471649	0.320942135
cfa_novel_59	1168	0	0	0	3.438968989	10.25806301	3.470520538	0.062471649	0.320942135
cfa_novel_144	0	0	1284	0	-3.474798229	10.29594886	3.437718462	0.063723634	0.322823564
cfa_novel_139	477	675	0	0	3.423275567	10.25414229	3.429159506	0.064054693	0.322823564
cfa_novel_127	1146	0	0	0	3.413363775	10.25168246	3.403267203	0.06506742	0.322823564
cfa_novel_151	0	1140	0	0	3.411720723	10.25127593	3.398992266	0.065236263	0.322823564
cfa_novel_160	0	1140	0	0	3.411720723	10.25127593	3.398992266	0.065236263	0.322823564
cfa_novel_88	870	0	1747	1654	-1.831743013	10.99131009	3.342280328	0.067520974	0.331690622
cfa-mir-487a	680	414	0	0	3.35551754	10.23757824	3.255654684	0.071177508	0.345151452
cfa-mir-8876	0	0	1215	0	-3.40252294	10.27662976	3.253138143	0.071286853	0.345151452
cfa_novel_89	0	944	1926	1577	-1.75677037	11.0199264	3.222679606	0.072624655	0.348567408
cfa_novel_42	353	414	1764	1389	-1.872749982	10.92355275	3.202046875	0.073546169	0.348567408
cfa_novel_43	353	414	1764	1389	-1.872749982	10.92355275	3.202046875	0.073546169	0.348567408
cfa_novel_116	1073	0	0	0	3.328083397	10.23103767	3.187690365	0.07419477	0.349182378
cfa_novel_96	0	1048	0	0	3.30244388	10.22501018	3.125329777	0.077084274	0.360261918
cfa_novel_164	1047	0	0	0	3.296351834	10.22359004	3.110674904	0.077780724	0.361009843
cfa-mir-450b	3926	4307	2903	1361	0.964550216	11.96438535	2.885156891	0.089399298	0.404288902
cfa-mir-329b	2439	1948	1457	220	1.395118595	11.23425346	2.875323245	0.089946913	0.404288902
cfa-mir-6516	965	0	0	0	3.191003252	10.19974955	2.866798228	0.090424598	0.404288902
cfa_novel_58	965	0	0	0	3.191003252	10.19974955	2.866798228	0.090424598	0.404288902
cfa_novel_34	0	239	1952	0	-2.43607287	10.52784533	2.862328343	0.09067616	0.404288902
cfa_novel_70	353	239	2214	510	-1.939226708	10.78586864	2.861733508	0.090709694	0.404288902
cfa-mir-376c	870	0	0	0	3.058820713	10.17169697	2.584947558	0.107883981	0.477670523
cfa_novel_54	836	0	0	0	3.007361306	10.16131489	2.482018019	0.115154418	0.50652891
cfa-mir-146b	2530	2581	0	2112	1.140761506	11.42728267	2.413007959	0.120330954	0.525861895
cfa_novel_159	799	0	0	0	2.951224403	10.15032243	2.373841449	0.123383104	0.535721476
cfa-mir-377	0	777	0	0	2.921159013	10.14457546	2.317612842	0.127916198	0.54832867
cfa-mir-448	0	777	0	0	2.921159013	10.14457546	2.317612842	0.127916198	0.54832867
cfa_novel_138	1146	414	1780	2145	-1.27849283	11.19539379	2.24795114	0.133791442	0.568741453
cfa-mir-203	2626	3002	4823	4819	-0.764244898	12.22809786	2.241295778	0.134368337	0.568741453
cfa-mir-323	2620	2364	0	2137	1.088843154	11.41475305	2.183356905	0.139509877	0.58681342
cfa-mir-326	0	728	0	0	2.839202986	10.12939478	2.17015733	0.140711838	0.588192961
cfa_novel_10	2389	2585	2455	0	1.079998733	11.41505299	2.150640788	0.142510401	0.588401838
cfa_novel_11	2389	2585	2455	0	1.079998733	11.41505299	2.150640788	0.142510401	0.588401838
cfa-mir-34a	1565	1749	3177	3250	-0.93191374	11.7355873	2.128008605	0.144628546	0.593506166
cfa_novel_66	586	0	542	1597	-1.727571985	10.6968411	2.104928774	0.14682518	0.598868764
cfa-mir-496	0	414	0	1721	-1.873420429	10.57211722	2.02356015	0.154875656	0.627899495
cfa-mir-190b	2052	1796	0	1577	1.138390017	11.16947829	1.843552454	0.174535148	0.703366195
cfa-mir-8799a	586	0	0	0	2.569478862	10.08417311	1.739986759	0.187140504	0.740856232
cfa-mir-8799c	586	0	0	0	2.569478862	10.08417311	1.739986759	0.187140504	0.740856232
cfa-mir-8799d	586	0	0	0	2.569478862	10.08417311	1.739986759	0.187140504	0.740856232
cfa-mir-216b	0	558	0	0	2.515996	10.07601785	1.663834886	0.19708634	0.771157596
cfa-mir-217	0	558	0	0	2.515996	10.07601785	1.663834886	0.19708634	0.771157596
cfa-mir-1840	1098	0	1315	1491	-1.273733831	10.92197223	1.641936397	0.200059994	0.778268068
cfa-mir-1844	1485	1140	2766	2301	-0.910203545	11.49283894	1.620161771	0.203069232	0.785434445
cfa-mir-34c	0	0	0	510	-2.482994604	10.08616002	1.559735085	0.211704013	0.812819588
cfa_novel_16	2472	2173	542	1768	0.92405596	11.38697383	1.553870194	0.212565004	0.812819588
cfa-mir-8803	0	1508	1747	1577	-1.074632039	11.08223923	1.446270851	0.22912727	0.870785299
cfa_novel_64	198	0	1178	0	-1.944258946	10.32053481	1.438935276	0.230311714	0.870785299
cfa-mir-1841	0	944	1053	1332	-1.244041728	10.81117631	1.373033103	0.241291438	0.907201885
cfa_novel_24	680	1314	1780	2120	-0.935045169	11.25429496	1.3415337	0.246763678	0.922621975
cfa-mir-212	2176	1749	2159	0	0.922682926	11.23343514	1.323844499	0.249903247	0.924428832
cfa_novel_32	534	1871	0	915	1.205596153	10.79381955	1.323336517	0.249994127	0.924428832
cfa-mir-138a	198	239	0	0	2.231912036	10.03678433	1.303438565	0.253586084	0.932587075
cfa-mir-8908d-1	0	558	1812	0	-1.417065657	10.56871902	1.24701813	0.264122763	0.953263949
cfa-mir-8908d-2	0	558	1812	0	-1.417065657	10.56871902	1.24701813	0.264122763	0.953263949
cfa-mir-8908d-3	0	558	1812	0	-1.417065657	10.56871902	1.24701813	0.264122763	0.953263949
cfa-mir-376b	0	414	0	0	2.17170628	10.02929568	1.235755351	0.266290672	0.953263949
cfa-mir-8854	0	414	0	0	2.17170628	10.02929568	1.235755351	0.266290672	0.953263949
cfa_novel_29	1378	0	2239	783	-1.026283863	10.99052236	1.196296046	0.274063238	0.975897139
cfa-mir-302a	0	0	0	382	-2.150002565	10.0382996	1.168224806	0.279766296	0.990961668
cfa-mir-369	3145	3149	2001	1969	0.650117992	11.76572203	1.124426963	0.288967207	1
cfa-mir-424	1895	2260	0	2206	0.789639095	11.31712374	1.068665985	0.301246963	1
cfa-mir-199-1	4415	4028	2520	3204	0.539597594	12.12421288	1.066898279	0.301647104	1
cfa-mir-199-2	4415	4028	2520	3204	0.539597594	12.12421288	1.066898279	0.301647104	1
cfa-mir-199-3	4415	4028	2520	3204	0.539597594	12.12421288	1.066898279	0.301647104	1
cfa-mir-8829	353	0	0	0	1.992260662	10.00854066	1.049994969	0.305508246	1
cfa-mir-8902	353	0	0	0	1.992260662	10.00854066	1.049994969	0.305508246	1
cfa-mir-503	3461	2788	2280	1768	0.6235112	11.7661118	1.03616983	0.308713944	1
cfa-mir-8903	994	1140	1712	2077	-0.803717952	11.25696104	1.00907052	0.315125617	1
cfa-mir-350	1590	2186	0	2010	0.783388612	11.23285619	0.964231748	0.32612299	1
cfa_novel_5	2493	2364	3859	3334	-0.548366741	11.95406586	0.931692591	0.334423492	1
cfa-mir-543	1552	1749	0	1737	0.794400784	11.1145148	0.872340425	0.350308194	1
cfa-mir-1843	836	1140	1676	1783	-0.775001676	11.17923399	0.866894767	0.351816405	1
cfa-mir-130b	3002	2364	2090	1442	0.604337777	11.61435311	0.84697659	0.357409055	1
cfa-mir-592	3056	2243	1712	1721	0.608082936	11.60039043	0.846140692	0.357646415	1
cfa_novel_126	763	1245	1657	1811	-0.757218152	11.18613459	0.835253576	0.360757788	1
cfa_novel_61	2019	2186	0	2420	0.679226239	11.35682125	0.82926163	0.362486123	1
cfa_novel_81	680	0	0	1491	-1.100357989	10.57118773	0.789993241	0.374102169	1
cfa_novel_76	0	675	1694	0	-1.096930727	10.56810513	0.781856625	0.376573919	1
cfa-mir-215	0	865	0	1721	-0.989398024	10.67091203	0.746917817	0.387453826	1
cfa-mir-129-1	2593	2295	1553	1654	0.587162294	11.52640954	0.736034874	0.390934017	1
cfa-mir-129-2	2593	2295	1553	1654	0.587162294	11.52640954	0.736034874	0.390934017	1
cfa-mir-363	0	239	0	0	1.597374817	9.97024314	0.714163612	0.398065049	1
cfa-mir-449a	0	239	0	0	1.597374817	9.97024314	0.714163612	0.398065049	1
cfa-mir-195	1232	1194	0	1233	0.826713599	10.86719091	0.707035644	0.400429666	1
cfa-mir-342	1361	1861	3032	1901	-0.574342327	11.54052953	0.699117163	0.403080499	1
cfa_novel_3	3897	2997	3650	1442	0.469787102	11.92150619	0.680585668	0.409385125	1
cfa-mir-126	1073	2463	0	2059	0.659801414	11.20647975	0.670485584	0.412882362	1
cfa_novel_15	1837	1456	2239	2635	-0.557750728	11.55389192	0.668713602	0.413500464	1
cfa-mir-505	1394	1738	2390	2319	-0.569490649	11.510516	0.668078048	0.413722491	1
cfa-mir-615	903	944	1457	1617	-0.704038753	11.09629211	0.658302349	0.417159918	1
cfa_novel_18	1326	1379	2605	1577	-0.583836256	11.37823487	0.615750358	0.432630877	1
cfa-mir-1837-1	0	558	0	1197	-1.042425686	10.4627797	0.604250739	0.436960757	1
cfa-mir-1837-2	0	558	0	1197	-1.042425686	10.4627797	0.604250739	0.436960757	1
cfa-mir-1837-3	0	558	0	1197	-1.042425686	10.4627797	0.604250739	0.436960757	1
cfa-mir-1837-4	0	558	0	1197	-1.042425686	10.4627797	0.604250739	0.436960757	1
cfa-mir-30a	5529	5901	4651	4396	0.336229767	12.5570539	0.596031118	0.440096354	1
cfa-mir-33b	198	0	0	0	1.417725306	9.955737623	0.589274317	0.442699873	1
cfa_novel_39	723	239	0	1721	-0.856592952	10.6908702	0.584385138	0.444598602	1
cfa-mir-324	1378	2463	2404	2969	-0.480716762	11.67557622	0.560335727	0.454125005	1
cfa_novel_46	935	617	1507	1116	-0.701385752	10.95972529	0.559217206	0.454575814	1
cfa_novel_40	198	558	1637	0	-0.910532723	10.57332667	0.555423131	0.456110233	1
cfa-mir-8884	2710	2961	2319	1811	0.458281757	11.71701951	0.539186401	0.462770104	1
cfa-mir-432	903	1632	2100	1721	-0.560212529	11.30996755	0.53007609	0.466574871	1
cfa-mir-1301	3298	3169	3256	1654	0.420243888	11.86903363	0.520766192	0.470515029	1
cfa-mir-6529	2611	2317	3986	2653	-0.402053339	11.90171722	0.483528463	0.4868284	1
cfa-mir-127	1212	2477	1939	3087	-0.45504299	11.62332198	0.479111196	0.488825185	1
cfa_novel_56	680	0	0	1268	-0.884367125	10.5114008	0.478426772	0.48913579	1
cfa-mir-193b	1098	0	2046	0	-0.739615248	10.73474872	0.467882117	0.49396311	1
cfa-mir-345	1590	906	1676	0	0.635842707	10.92824141	0.45598128	0.499508141	1
cfa-mir-140	5184	5450	3904	4645	0.302645298	12.48279651	0.45512191	0.499912623	1
cfa-mir-218-1	3808	4315	2509	3783	0.343651895	12.15046476	0.445369507	0.504542144	1
cfa_novel_150	106	1292	0	2129	-0.65438327	10.86952538	0.438646094	0.507776653	1
cfa-mir-155	6508	6810	5780	5328	0.263182027	12.77516759	0.434779636	0.509652925	1
cfa-mir-450a	3434	3475	2605	2717	0.367246697	11.9596707	0.43141125	0.511297281	1
cfa-mir-218-2	3749	4223	2509	3690	0.339017911	12.13057662	0.426231069	0.513844124	1
cfa_novel_37	0	1048	0	1689	-0.716730134	10.70144102	0.42110115	0.516388103	1
cfa-mir-143	3309	4521	2264	3799	0.339510911	12.11029924	0.420155103	0.516859661	1
cfa-mir-1306	2962	2441	3561	3378	-0.351883567	11.97928221	0.397717378	0.528270459	1
cfa_novel_79	1290	1379	1637	2095	-0.477537518	11.3229261	0.392834878	0.530813021	1
cfa-mir-340	3774	3548	3069	2723	0.337713166	12.03475309	0.389656134	0.532480208	1
cfa_novel_130	1308	1140	0	1491	0.586438989	10.92517158	0.387431256	0.533652742	1
cfa_novel_36	680	675	1404	783	-0.619703163	10.83534662	0.378197192	0.538569652	1
cfa-mir-7-1	5868	5684	5012	4648	0.258643563	12.60096788	0.365790555	0.545307765	1
cfa-mir-7-2	5864	5675	5010	4650	0.257036826	12.6002926	0.361071718	0.547911632	1
cfa-mir-7-3	5863	5675	5011	4653	0.256266848	12.60046865	0.358965401	0.549081387	1
cfa-mir-15a	3722	2826	2690	2469	0.34058796	11.91001248	0.355433909	0.551053127	1
cfa-mir-382	1879	2205	1284	1689	0.430487513	11.39998472	0.35182643	0.553081049	1
cfa-mir-433	586	558	0	1721	-0.631549719	10.72842411	0.341717702	0.558839406	1
cfa-mir-409	2785	3058	1747	2742	0.351069933	11.78424058	0.337441871	0.561309557	1
cfa_novel_17	1122	2159	1964	2394	-0.405135273	11.48740499	0.33472304	0.562891137	1
cfa-mir-1468	1073	1930	0	1980	0.485280347	11.11198331	0.330172003	0.565557824	1
cfa-mir-499	2857	2132	2130	1721	0.373110408	11.61301026	0.325305858	0.568436331	1
cfa-mir-16-1	6069	6104	5317	5041	0.233080934	12.67601105	0.315434663	0.574364249	1
cfa-mir-206	106	0	0	0	0.921167315	9.923362777	0.315021689	0.574614901	1
cfa-mir-16-2	6069	6104	5321	5041	0.232544899	12.67624095	0.314044195	0.575209044	1
cfa-mir-3958	2326	1850	1053	2020	0.398766347	11.43043847	0.311441455	0.576796995	1
cfa-mir-379	3164	2948	1530	3210	0.325444871	11.84099244	0.305327916	0.580561415	1
cfa-mir-196a-2	4726	4950	4274	3854	0.253198841	12.38934101	0.295407687	0.586775815	1
cfa_novel_85	1499	2132	1575	1158	0.409665545	11.29770044	0.28744053	0.591865387	1
cfa-mir-1271	4581	4907	4546	3478	0.251216068	12.36682387	0.285482508	0.593130097	1
cfa-mir-17	1626	1245	2239	1617	-0.396134836	11.35719855	0.281470911	0.595738747	1
cfa-mir-196a-1	4635	4825	4203	3767	0.249161963	12.36422642	0.280240373	0.596543711	1
cfa-mir-150	1344	2153	2120	2377	-0.357260383	11.52931258	0.271863864	0.602084208	1
cfa-mir-331	3357	3567	4339	4008	-0.261539079	12.21834589	0.270818753	0.602783074	1
cfa-mir-664	836	675	322	613	0.601932049	10.60253742	0.266938458	0.605392914	1
cfa_novel_23	1425	1337	0	1864	0.450621743	11.05197031	0.2665794	0.605635624	1
cfa-mir-9-1	5274	5036	4746	4070	0.230377403	12.47440056	0.26216872	0.608634115	1
cfa-mir-9-2	5274	5036	4746	4070	0.230377403	12.47440056	0.26216872	0.608634115	1
cfa-mir-9-3	5274	5036	4746	4070	0.230377403	12.47440056	0.26216872	0.608634115	1
cfa_novel_22	1326	1358	0	1811	0.450878672	11.02920011	0.260067848	0.610073546	1
cfa_novel_25	1326	1358	0	1811	0.450878672	11.02920011	0.260067848	0.610073546	1
cfa-mir-196b	4345	4313	3926	3371	0.250354912	12.25950066	0.259437725	0.610506709	1
cfa-mir-130a	2202	2009	1842	1442	0.359082793	11.45085889	0.257930751	0.611545333	1
cfa-mir-30c-1	5435	6071	5157	4772	0.21417486	12.61466037	0.253683241	0.614493452	1
cfa-mir-30c-2	5435	6071	5157	4772	0.21417486	12.61466037	0.253683241	0.614493452	1
cfa-mir-26a-2	6446	6299	5955	5153	0.203279729	12.74535631	0.253503321	0.614619013	1
cfa-mir-26a-1	6445	6299	5955	5153	0.20319729	12.74531938	0.253290485	0.614767616	1
cfa-mir-132	4160	4130	3408	3541	0.249038366	12.20961855	0.246228671	0.619743195	1
cfa-mir-494	3323	3006	2509	2653	0.285413436	11.89303438	0.246130147	0.619813239	1
cfa-mir-500	2417	2539	2913	1158	0.317697846	11.62489508	0.238790031	0.625081387	1
cfa-let-7a-1	8223	8325	7881	6882	0.169907591	13.09060751	0.231560498	0.630369149	1
cfa-let-7a-2	8225	8329	7886	6887	0.169477462	13.09122005	0.230497765	0.631154989	1
cfa_novel_148	5994	5060	7024	5709	-0.192309149	12.74725864	0.225568953	0.634829028	1
cfa-mir-582	2796	2088	1842	2059	0.310310778	11.6124881	0.225204901	0.635102344	1
cfa-mir-30e	3765	4055	3133	3430	0.244515523	12.14426324	0.224644527	0.635523583	1
cfa-mir-758	0	1292	0	1753	-0.493439375	10.76595168	0.221652056	0.637784007	1
cfa-mir-101-1	3434	2906	2785	2474	0.269510512	11.90057453	0.220983231	0.638291765	1
cfa-mir-101-2	3434	2906	2785	2474	0.269510512	11.90057453	0.220983231	0.638291765	1
cfa-let-7f	7302	7223	6887	6019	0.175505591	12.921564	0.216891105	0.641419019	1
cfa-mir-708	4087	3389	2834	3425	0.242874288	12.09350029	0.212270343	0.644993722	1
cfa-mir-210	3668	3356	2370	3445	0.249982184	12.020769	0.211231492	0.645803881	1
cfa-mir-486-3p	3364	4168	4352	4453	-0.222723954	12.29857521	0.210371589	0.646476312	1
cfa-mir-374a	3756	3881	3238	3217	0.238731828	12.11943459	0.209685789	0.647013791	1
cfa-mir-380	2805	2837	2222	2404	0.276108891	11.77339696	0.206963934	0.649157521	1
cfa_novel_80	2651	1660	2461	2794	-0.285530575	11.70904831	0.206429456	0.649580471	1
cfa_novel_131	1565	1194	1404	2086	-0.345134984	11.30161479	0.202533669	0.652683467	1
cfa-mir-223	1854	2635	2774	2687	-0.274074962	11.74716911	0.197070064	0.657096273	1
cfa-mir-21	9177	8888	8822	7576	0.14595711	13.21464488	0.187825773	0.664732402	1
cfa-mir-497	935	330	0	1672	-0.460610565	10.74102619	0.187349598	0.66513174	1
cfa-mir-487b	2787	3122	2334	2586	0.253995867	11.83051666	0.184444506	0.6675812	1
cfa-mir-122	3621	3274	4149	3902	-0.21734931	12.1931879	0.183506934	0.668376599	1
cfa-mir-421	2202	1646	3089	1689	-0.276330648	11.59016244	0.173137614	0.677338234	1
cfa-mir-362	3589	3591	2797	3306	0.222386762	12.05594108	0.172360753	0.678022198	1
cfa-mir-365-1	4807	5136	4587	4163	0.186734166	12.44874683	0.168736836	0.68123687	1
cfa-mir-365-2	4807	5136	4587	4163	0.186734166	12.44874683	0.168736836	0.68123687	1
cfa-let-7e	5401	5623	5307	4498	0.175005807	12.57848103	0.164574168	0.684979636	1
cfa_novel_123	1073	777	0	1268	0.419641279	10.7646242	0.16335398	0.686087175	1
cfa_novel_31	1682	414	1676	0	0.395728133	10.85549799	0.163209846	0.68621832	1
cfa-mir-106b	4447	3685	3353	3677	0.202206891	12.20549915	0.161827807	0.687479245	1
cfa-mir-26b	5634	5439	5104	4734	0.172376193	12.58498401	0.160500225	0.688696389	1
cfa-let-7g	6642	6551	6279	5587	0.157083836	12.80830673	0.159069003	0.690015114	1
cfa-mir-29a	6989	6693	6025	6261	0.151937921	12.85615986	0.154489791	0.694281154	1
cfa-mir-411	3033	2446	1747	2819	0.234579394	11.75702468	0.147250412	0.701176934	1
cfa-mir-1839	3003	2987	3572	3367	-0.205441909	12.02865607	0.142574604	0.705734805	1
cfa-mir-874	3639	3831	3491	3059	0.192890623	12.11209817	0.136078091	0.712211477	1
cfa-mir-194	3106	3032	2468	2794	0.211842086	11.88677993	0.134948327	0.713355623	1
cfa-mir-1307	3457	3078	3450	3995	-0.191778415	12.1205297	0.134498217	0.713812977	1
cfa-mir-8859b	3551	4063	4316	4314	-0.1780481	12.29056764	0.133805012	0.71451904	1
cfa_novel_129	4625	4137	2823	4814	0.170633564	12.30507494	0.125228015	0.723432034	1
cfa-mir-214	477	1080	1457	613	-0.346722223	10.84687366	0.122515581	0.726321994	1
cfa_novel_111	0	1110	842	0	0.445732349	10.46754608	0.119742024	0.729314454	1
cfa-mir-23b	3003	2642	3226	3237	-0.191553763	11.95693159	0.116527665	0.732831465	1
cfa-mir-10a	2611	2970	3520	2909	-0.190833321	11.9442727	0.114381311	0.735210169	1
cfa-mir-8865	106	1140	0	1536	-0.363018592	10.70567481	0.111683573	0.738235493	1
cfa-mir-149	4416	4652	4418	3744	0.157646815	12.35101506	0.111025115	0.738980062	1
cfa-let-7b	6858	7000	7176	5626	0.125135636	12.88422415	0.107101542	0.743468431	1
cfa-mir-148a	5400	5256	5189	4498	0.14263299	12.55065306	0.106904074	0.743696714	1
cfa-mir-92b	4710	5122	5727	5166	-0.141133325	12.5789654	0.106497869	0.744167043	1
cfa-mir-15b	5858	5699	5302	5213	0.135640181	12.65304693	0.104923563	0.745999306	1
cfa_novel_33	1704	2009	1952	2366	-0.220312113	11.53296078	0.104497233	0.746498104	1
cfa-mir-1838	1999	1314	1457	1332	0.242719926	11.26470871	0.097827345	0.754452649	1
cfa-mir-142	1724	2173	1812	2649	-0.207197627	11.57552611	0.096315338	0.756296998	1
cfa-mir-93	5956	6012	5681	5306	0.125343728	12.70066039	0.093044061	0.760342355	1
cfa_novel_20	1271	2017	1284	2479	-0.217252473	11.41535241	0.09061112	0.763401675	1
cfa-mir-495	2213	1901	2341	2377	-0.19367392	11.62395769	0.088138653	0.766556945	1
cfa-mir-25	5550	6198	5732	5099	0.121706797	12.67940437	0.086256738	0.768990995	1
cfa-mir-299	1471	1632	0	2474	0.223644644	11.21297508	0.078673056	0.779103762	1
cfa-mir-574	4543	4808	4706	3894	0.128387682	12.39962359	0.076629753	0.781917712	1
cfa-mir-30b	5505	5940	5161	5380	0.115597987	12.64980886	0.076005053	0.78278607	1
cfa-mir-125a	5545	5041	5715	4127	0.119276677	12.55252842	0.074865971	0.784379378	1
cfa-mir-29b-1	3035	2472	2355	2533	0.164565843	11.787898	0.074551548	0.784821474	1
cfa-mir-29b-2	3035	2472	2355	2533	0.164565843	11.787898	0.074551548	0.784821474	1
cfa-mir-133b	870	823	0	1925	-0.261461836	10.87990835	0.072904301	0.787154127	1
cfa-mir-660	2681	2199	2370	3057	-0.161967396	11.78746345	0.071745265	0.788812421	1
cfa-mir-20a	5233	4227	4094	4552	0.122821128	12.41539345	0.071037091	0.789832719	1
cfa-mir-145	1326	2963	1977	2814	-0.170512967	11.65821047	0.070605949	0.790456555	1
cfa-mir-19a	4737	4120	3772	4296	0.126383125	12.33579627	0.070461581	0.790665901	1
cfa-mir-222	7178	7264	6962	6556	0.097485484	12.9487272	0.068325895	0.793790053	1
cfa-mir-454	3325	3736	2986	3390	0.138443404	12.06970228	0.067605796	0.794855176	1
cfa-mir-20b	198	675	0	613	0.361004512	10.37148139	0.066910496	0.79588938	1
cfa-mir-18a	3592	2943	2712	3172	0.141017804	11.98214801	0.065032225	0.798712158	1
cfa-mir-192	2902	2902	2397	2797	0.149320139	11.84958856	0.064875073	0.798950293	1
cfa_novel_91	0	823	1139	0	-0.324114048	10.47085668	0.06310138	0.801659577	1
cfa_novel_6	3283	2717	3790	2875	-0.135918118	12.00028735	0.061056721	0.804833478	1
cfa_novel_30	0	1491	0	1689	-0.252567917	10.79052044	0.06082875	0.80519083	1
cfa-mir-98	4998	5077	5123	4261	0.10993549	12.49666383	0.060794979	0.805243828	1
cfa-mir-28	5406	5431	5432	4680	0.105953168	12.58691529	0.060722249	0.805358016	1
cfa_novel_14	2863	3054	3188	3318	-0.136177067	11.98514975	0.060487987	0.805726314	1
cfa-mir-182	6527	6972	6713	5984	0.093217655	12.86523782	0.058549528	0.808803334	1
cfa-mir-23a	4083	3787	4524	4047	-0.116279089	12.30124522	0.057706542	0.810158268	1
cfa-let-7c	3693	3636	3807	2960	0.12507159	12.11717675	0.057458797	0.810558458	1
cfa_novel_143	4793	4044	4810	4738	-0.109728307	12.43545291	0.057389674	0.810670276	1
cfa_novel_28	1903	2437	2046	1851	0.15563313	11.54755285	0.053334738	0.817358969	1
cfa-mir-125b-1	6780	6497	7108	5476	0.089002827	12.84601772	0.05257843	0.818635855	1
cfa-mir-125b-2	6777	6496	7107	5476	0.088779189	12.84583152	0.052306829	0.81909676	1
cfa-mir-10b	6262	7138	6639	6011	0.087286691	12.8586907	0.051072202	0.821207955	1
cfa-mir-7180	1971	2369	1431	2404	0.149981098	11.54958975	0.049627529	0.823712674	1
cfa_novel_4	2886	2872	3306	3004	-0.124942562	11.95034355	0.049414456	0.824085314	1
cfa-mir-103-1	5856	5684	5506	5321	0.092477734	12.66978948	0.049413326	0.824087292	1
cfa_novel_21	0	1699	2140	0	-0.215509121	10.87019248	0.049044863	0.824733695	1
cfa-mir-103-2	5908	5729	5552	5374	0.091511792	12.68067064	0.048805595	0.825154815	1
cfa_novel_27	1660	777	0	1980	0.195088748	11.0204342	0.048433682	0.825811548	1
cfa-mir-184	2339	4181	2992	4013	-0.114674707	12.08499316	0.046787205	0.828751179	1
cfa-mir-181d	4264	4272	4252	3755	0.096871775	12.30481082	0.040343215	0.840811013	1
cfa_novel_12	2304	2515	2663	2598	-0.122371301	11.75836613	0.039944025	0.841590064	1
cfa_novel_13	2304	2515	2663	2598	-0.122371301	11.75836613	0.039944025	0.841590064	1
cfa-mir-532	3548	4160	3517	3662	0.099159286	12.18537632	0.038258184	0.844925613	1
cfa-mir-590	3190	2180	2635	2331	0.115511474	11.77925705	0.036440137	0.848609425	1
cfa-mir-769	0	1572	0	1268	0.203251068	10.70920702	0.035727498	0.850079344	1
cfa-mir-96	3786	3668	3608	3378	0.095291236	12.14847683	0.034246188	0.853184126	1
cfa-mir-221	6542	6401	6315	6019	0.071070407	12.82208374	0.032898696	0.856069335	1
cfa-mir-502	2988	3132	3018	2704	0.100521493	11.92591006	0.031451417	0.859237035	1
cfa-mir-135a-1-5p	106	0	179	0	-0.34836723	9.98648506	0.029125044	0.864490637	1
cfa-mir-135a-2-5p	106	0	179	0	-0.34836723	9.98648506	0.029125044	0.864490637	1
cfa-mir-151	6115	5777	6314	5099	0.068754656	12.71744246	0.028357333	0.866271475	1
cfa-mir-92a-1	6997	7229	7332	6354	0.062410716	12.94541857	0.027923205	0.867289495	1
cfa-mir-92a-2	6997	7229	7332	6354	0.062409805	12.94541784	0.027922374	0.867291451	1
cfa-mir-27b	6486	6068	6581	5481	0.065871037	12.78621398	0.027476207	0.868346231	1
cfa-mir-1296	2176	3331	2187	2904	0.098146344	11.81335681	0.027126539	0.869179043	1
cfa-mir-99a-1	6632	7154	7016	6243	0.061383693	12.90604003	0.026199002	0.87141527	1
cfa-mir-99a-2	6632	7154	7016	6243	0.061383693	12.90604003	0.026199002	0.87141527	1
cfa-mir-1343	3533	3410	3829	3555	-0.083666745	12.14220508	0.0261744	0.871475131	1
cfa-mir-190a	1290	558	0	1936	-0.152820595	10.909987	0.025953063	0.872014999	1
cfa-mir-148b	4323	4563	4260	4181	0.073980003	12.36171896	0.02465536	0.875228887	1
cfa-mir-30d	7168	7360	7716	6347	0.055867767	12.9750431	0.022892071	0.879738077	1
cfa_novel_2	3763	3429	3981	3633	-0.076715073	12.17939353	0.022713055	0.880205661	1
cfa-mir-381	1734	1975	1404	2000	0.103573382	11.41362471	0.020728073	0.885522206	1
cfa_novel_38	586	675	0	1332	-0.15893075	10.65866064	0.020260114	0.886813012	1
cfa-mir-330	1819	1491	1899	1672	-0.100211685	11.37777913	0.018651198	0.891371174	1
cfa-mir-135b	4552	4706	4656	4242	0.06095002	12.41611386	0.017495369	0.894770686	1
cfa-mir-1842	3329	2727	2712	3019	0.072399386	11.92501473	0.016298318	0.898414196	1
cfa-mir-29c-1	1919	1456	1346	2199	-0.091686852	11.39268441	0.015851756	0.899808109	1
cfa-mir-29c-2	1919	1456	1346	2199	-0.091686852	11.39268441	0.015851756	0.899808109	1
cfa-mir-485	1903	865	0	2404	0.103742281	11.15090448	0.015838446	0.899849961	1
cfa-mir-378	6043	5648	5264	5987	0.048574492	12.70519876	0.014014184	0.905765369	1
cfa-mir-8859a	6283	6464	6221	6139	0.044766656	12.81481297	0.012974761	0.909311667	1
cfa-mir-8890	870	675	0	1332	0.111152785	10.71801657	0.010812312	0.917183419	1
cfa-mir-197	4279	4570	4790	4390	-0.048063044	12.40967763	0.010800591	0.917228159	1
cfa-mir-146a	2432	2714	2149	2738	0.061365882	11.75536468	0.010059157	0.920109849	1
cfa-mir-191	6011	6020	6320	5437	0.040080811	12.74466087	0.00984247	0.920972151	1
cfa-mir-128-1	5016	5226	5437	4560	0.043011797	12.54545115	0.009673083	0.921652921	1
cfa-mir-128-2	5016	5226	5437	4560	0.043011797	12.54545115	0.009673083	0.921652921	1
cfa-mir-31	477	0	0	510	-0.155006745	10.22991708	0.009398174	0.922770722	1
cfa_novel_162	0	1379	0	1197	0.104310732	10.65103362	0.008683274	0.925757318	1
cfa-mir-339-1	5109	5436	5170	5122	0.034985499	12.58446913	0.006602606	0.935238032	1
cfa-mir-27a	5746	5021	5836	4749	0.033894329	12.61019885	0.006325911	0.93660662	1
cfa-mir-24-1	6575	6423	6739	6048	0.028582957	12.84657896	0.005421093	0.941306335	1
cfa-mir-24-2	6575	6423	6739	6048	0.028582957	12.84657896	0.005421093	0.941306335	1
cfa-mir-19b-1	2825	1901	2480	2404	-0.04538494	11.70713595	0.005254456	0.942213854	1
cfa-mir-19b-2	2825	1901	2480	2404	-0.04538494	11.70713595	0.005254456	0.942213854	1
cfa_novel_1	3778	3863	3845	3624	0.035225874	12.20165068	0.004891261	0.944243364	1
cfa-mir-22	5255	5439	5482	5437	-0.029155713	12.63034806	0.004750973	0.945047483	1
cfa_novel_9	2218	2635	2363	2349	0.042250356	11.7016682	0.004538454	0.946288706	1
cfa-mir-451	3443	4373	3472	4464	-0.0331302	12.25708842	0.004526238	0.94636093	1
cfa-mir-181b-2	5152	4924	5463	4480	0.028189117	12.53196153	0.004109051	0.948889104	1
cfa-mir-134	416	1140	0	1389	0.06612764	10.73413606	0.00390893	0.950147591	1
cfa-mir-185	4373	4190	4234	4174	0.026682109	12.33811426	0.003143495	0.955288527	1
cfa-mir-181b-1	5085	4840	5422	4401	0.024521064	12.51532388	0.003067652	0.95583064	1
cfa-mir-301a	1819	0	0	1636	0.053246635	10.8403231	0.002906537	0.957005032	1
cfa-mir-107	3019	3069	3152	3066	-0.028682322	11.97158816	0.002660115	0.958866301	1
cfa-mir-181a-1	4988	4688	5091	4471	0.022971902	12.48535409	0.002627777	0.959116871	1
cfa-mir-181a-2	4988	4688	5091	4471	0.022971902	12.48535409	0.002627777	0.959116871	1
cfa-mir-181c	3317	3024	2852	3332	0.027916915	11.99357524	0.002571518	0.959556498	1
cfa-mir-183	6047	6409	6713	5645	0.019757435	12.79725644	0.002491787	0.960187893	1
cfa-let-7d	4141	3809	5218	2994	-0.020043895	12.27103675	0.001676586	0.967338842	1
cfa-mir-361	3664	3991	3908	3675	0.016576892	12.21174026	0.001092079	0.97363741	1
cfa-mir-652	3616	4021	3903	3671	0.01501071	12.20968315	0.0008939	0.976148277	1
cfa-mir-152	3274	2779	3346	2814	-0.016512365	11.96026628	0.000873195	0.976426047	1
cfa-mir-2387	994	1796	2341	613	-0.022929181	11.19904985	0.000813383	0.977247523	1
cfa-mir-335	1895	2026	1215	2660	-0.018311604	11.50965264	0.000710587	0.978733438	1
cfa-mir-106a	2673	1398	1483	2562	-0.016575582	11.54527628	0.000602551	0.980416365	1
cfa-mir-671	2581	2349	2492	2394	0.014575146	11.72812278	0.000553143	0.981236294	1
cfa-mir-423a	5078	4994	5419	4768	-0.010036839	12.54849003	0.000527534	0.981675717	1
cfa-mir-374b	3916	4148	3674	4287	0.011133918	12.27437253	0.000519073	0.981823236	1
cfa-mir-320	5663	5654	5712	5546	0.00884393	12.68287848	0.000456137	0.982960592	1
cfa-mir-425	4219	5017	4481	4682	0.009546128	12.43567386	0.000435738	0.983345896	1
cfa-mir-99b	5306	5807	6103	5031	0.006636556	12.66150028	0.000252525	0.987321325	1
cfa-mir-186	5663	5561	5864	5348	0.005839891	12.67400118	0.000197484	0.988787773	1
cfa-mir-193a	4779	4161	4701	4241	0.004435341	12.39858259	9.12E-05	0.992378336	1
cfa-mir-1249	3634	3704	3238	4064	-0.003820316	12.17145777	5.60E-05	0.994026684	1
cfa-let-7j	0	0	0	0	0	9.885255909	0	1	1
cfa-mir-105a	0	0	0	0	0	9.885255909	0	1	1
cfa-mir-105b	0	0	0	0	0	9.885255909	0	1	1
cfa-mir-1199-3p	0	0	0	0	0	9.885255909	0	1	1
cfa-mir-1199-5p	0	0	0	0	0	9.885255909	0	1	1
cfa-mir-135a-2-3p	0	0	0	0	0	9.885255909	0	1	1
cfa-mir-136	0	0	0	0	0	9.885255909	0	1	1
cfa-mir-137	0	0	0	0	0	9.885255909	0	1	1
cfa-mir-138b	0	0	0	0	0	9.885255909	0	1	1
cfa-mir-139	0	0	0	0	0	9.885255909	0	1	1
cfa-mir-144	0	0	0	0	0	9.885255909	0	1	1
cfa-mir-153	0	0	0	0	0	9.885255909	0	1	1
cfa-mir-1835	0	0	0	0	0	9.885255909	0	1	1
cfa-mir-1836	0	0	0	0	0	9.885255909	0	1	1
cfa-mir-187	0	0	0	0	0	9.885255909	0	1	1
cfa-mir-188	0	0	0	0	0	9.885255909	0	1	1
cfa-mir-18b	0	0	0	0	0	9.885255909	0	1	1
cfa-mir-202	0	0	0	0	0	9.885255909	0	1	1
cfa-mir-207	0	0	0	0	0	9.885255909	0	1	1
cfa-mir-208a	0	0	0	0	0	9.885255909	0	1	1
cfa-mir-208b	0	0	0	0	0	9.885255909	0	1	1
cfa-mir-2114	0	0	0	0	0	9.885255909	0	1	1
cfa-mir-216a	0	0	0	0	0	9.885255909	0	1	1
cfa-mir-219-2-5p	0	0	0	0	0	9.885255909	0	1	1
cfa-mir-2483	0	0	0	0	0	9.885255909	0	1	1
cfa-mir-300	0	0	0	0	0	9.885255909	0	1	1
cfa-mir-301b	0	0	0	0	0	9.885255909	0	1	1
cfa-mir-302b	0	0	0	0	0	9.885255909	0	1	1
cfa-mir-302c	0	0	0	0	0	9.885255909	0	1	1
cfa-mir-302d	0	0	0	0	0	9.885255909	0	1	1
cfa-mir-325	0	0	0	0	0	9.885255909	0	1	1
cfa-mir-329a	0	0	0	0	0	9.885255909	0	1	1
cfa-mir-346	0	0	0	0	0	9.885255909	0	1	1
cfa-mir-34b	0	0	0	0	0	9.885255909	0	1	1
cfa-mir-367	0	0	0	0	0	9.885255909	0	1	1
cfa-mir-370	0	0	0	0	0	9.885255909	0	1	1
cfa-mir-371	0	0	0	0	0	9.885255909	0	1	1
cfa-mir-383	0	0	0	0	0	9.885255909	0	1	1
cfa-mir-384	0	0	0	0	0	9.885255909	0	1	1
cfa-mir-449b	0	0	0	0	0	9.885255909	0	1	1
cfa-mir-452	0	0	0	0	0	9.885255909	0	1	1
cfa-mir-483	0	0	0	0	0	9.885255909	0	1	1
cfa-mir-488	0	0	0	0	0	9.885255909	0	1	1
cfa-mir-489	0	0	0	0	0	9.885255909	0	1	1
cfa-mir-490	0	0	0	0	0	9.885255909	0	1	1
cfa-mir-491	0	0	0	0	0	9.885255909	0	1	1
cfa-mir-493	0	0	0	0	0	9.885255909	0	1	1
cfa-mir-504	0	0	0	0	0	9.885255909	0	1	1
cfa-mir-506	0	0	0	0	0	9.885255909	0	1	1
cfa-mir-507a	0	0	0	0	0	9.885255909	0	1	1
cfa-mir-507b	0	0	0	0	0	9.885255909	0	1	1
cfa-mir-508a	0	0	0	0	0	9.885255909	0	1	1
cfa-mir-508b	0	0	0	0	0	9.885255909	0	1	1
cfa-mir-514	0	0	0	0	0	9.885255909	0	1	1
cfa-mir-539	0	0	0	0	0	9.885255909	0	1	1
cfa-mir-544	0	0	0	0	0	9.885255909	0	1	1
cfa-mir-545	0	0	0	0	0	9.885255909	0	1	1
cfa-mir-551a	0	0	0	0	0	9.885255909	0	1	1
cfa-mir-551b	0	0	0	0	0	9.885255909	0	1	1
cfa-mir-568	0	0	0	0	0	9.885255909	0	1	1
cfa-mir-578	0	0	0	0	0	9.885255909	0	1	1
cfa-mir-589	0	0	0	0	0	9.885255909	0	1	1
cfa-mir-599	0	0	0	0	0	9.885255909	0	1	1
cfa-mir-631	0	0	0	0	0	9.885255909	0	1	1
cfa-mir-632	0	0	0	0	0	9.885255909	0	1	1
cfa-mir-653	0	0	0	0	0	9.885255909	0	1	1
cfa-mir-665	0	0	0	0	0	9.885255909	0	1	1
cfa-mir-718	0	0	0	0	0	9.885255909	0	1	1
cfa-mir-759	0	0	0	0	0	9.885255909	0	1	1
cfa-mir-761	0	0	0	0	0	9.885255909	0	1	1
cfa-mir-764	0	0	0	0	0	9.885255909	0	1	1
cfa-mir-802	0	0	0	0	0	9.885255909	0	1	1
cfa-mir-872	0	0	0	0	0	9.885255909	0	1	1
cfa-mir-875	0	0	0	0	0	9.885255909	0	1	1
cfa-mir-876	0	0	0	0	0	9.885255909	0	1	1
cfa-mir-8789	0	0	0	0	0	9.885255909	0	1	1
cfa-mir-8790	0	0	0	0	0	9.885255909	0	1	1
cfa-mir-8791a	0	0	0	0	0	9.885255909	0	1	1
cfa-mir-8791b	0	0	0	0	0	9.885255909	0	1	1
cfa-mir-8792	0	0	0	0	0	9.885255909	0	1	1
cfa-mir-8793-1	0	0	0	0	0	9.885255909	0	1	1
cfa-mir-8793-2	0	0	0	0	0	9.885255909	0	1	1
cfa-mir-8793-3	0	0	0	0	0	9.885255909	0	1	1
cfa-mir-8794-1	0	0	0	0	0	9.885255909	0	1	1
cfa-mir-8794-2	0	0	0	0	0	9.885255909	0	1	1
cfa-mir-8795	0	0	0	0	0	9.885255909	0	1	1
cfa-mir-8796	0	0	0	0	0	9.885255909	0	1	1
cfa-mir-8797	0	0	0	0	0	9.885255909	0	1	1
cfa-mir-8798	0	0	0	0	0	9.885255909	0	1	1
cfa-mir-8799b	0	0	0	0	0	9.885255909	0	1	1
cfa-mir-8799e-1	0	0	0	0	0	9.885255909	0	1	1
cfa-mir-8799e-2	0	0	0	0	0	9.885255909	0	1	1
cfa-mir-8799f	0	0	0	0	0	9.885255909	0	1	1
cfa-mir-8799g	0	0	0	0	0	9.885255909	0	1	1
cfa-mir-8800	0	0	0	0	0	9.885255909	0	1	1
cfa-mir-8801	0	0	0	0	0	9.885255909	0	1	1
cfa-mir-8802	0	0	0	0	0	9.885255909	0	1	1
cfa-mir-8804	0	0	0	0	0	9.885255909	0	1	1
cfa-mir-8805	0	0	0	0	0	9.885255909	0	1	1
cfa-mir-8806	0	0	0	0	0	9.885255909	0	1	1
cfa-mir-8807	0	0	0	0	0	9.885255909	0	1	1
cfa-mir-8808	0	0	0	0	0	9.885255909	0	1	1
cfa-mir-8809	0	0	0	0	0	9.885255909	0	1	1
cfa-mir-8810	0	0	0	0	0	9.885255909	0	1	1
cfa-mir-8811	0	0	0	0	0	9.885255909	0	1	1
cfa-mir-8812	0	0	0	0	0	9.885255909	0	1	1
cfa-mir-8813-1	0	0	0	0	0	9.885255909	0	1	1
cfa-mir-8813-2	0	0	0	0	0	9.885255909	0	1	1
cfa-mir-8814	0	0	0	0	0	9.885255909	0	1	1
cfa-mir-8815-1	0	0	0	0	0	9.885255909	0	1	1
cfa-mir-8815-2	0	0	0	0	0	9.885255909	0	1	1
cfa-mir-8816	0	0	0	0	0	9.885255909	0	1	1
cfa-mir-8817	0	0	0	0	0	9.885255909	0	1	1
cfa-mir-8818	0	0	0	0	0	9.885255909	0	1	1
cfa-mir-8819	0	0	0	0	0	9.885255909	0	1	1
cfa-mir-8820	0	0	0	0	0	9.885255909	0	1	1
cfa-mir-8821	0	0	0	0	0	9.885255909	0	1	1
cfa-mir-8822	0	0	0	0	0	9.885255909	0	1	1
cfa-mir-8823	0	0	0	0	0	9.885255909	0	1	1
cfa-mir-8824	0	0	0	0	0	9.885255909	0	1	1
cfa-mir-8825	0	0	0	0	0	9.885255909	0	1	1
cfa-mir-8826	0	0	0	0	0	9.885255909	0	1	1
cfa-mir-8827	0	0	0	0	0	9.885255909	0	1	1
cfa-mir-8828	0	0	0	0	0	9.885255909	0	1	1
cfa-mir-8830-1	0	0	0	0	0	9.885255909	0	1	1
cfa-mir-8830-2	0	0	0	0	0	9.885255909	0	1	1
cfa-mir-8830-3	0	0	0	0	0	9.885255909	0	1	1
cfa-mir-8831	0	0	0	0	0	9.885255909	0	1	1
cfa-mir-8832	0	0	0	0	0	9.885255909	0	1	1
cfa-mir-8833	0	0	0	0	0	9.885255909	0	1	1
cfa-mir-8834a-1	0	0	0	0	0	9.885255909	0	1	1
cfa-mir-8834a-2	0	0	0	0	0	9.885255909	0	1	1
cfa-mir-8834b	0	0	0	0	0	9.885255909	0	1	1
cfa-mir-8835	0	0	0	0	0	9.885255909	0	1	1
cfa-mir-8836	0	0	0	0	0	9.885255909	0	1	1
cfa-mir-8837	0	0	0	0	0	9.885255909	0	1	1
cfa-mir-8838	0	0	0	0	0	9.885255909	0	1	1
cfa-mir-8839	0	0	0	0	0	9.885255909	0	1	1
cfa-mir-8840	0	0	0	0	0	9.885255909	0	1	1
cfa-mir-8841-1	0	0	0	0	0	9.885255909	0	1	1
cfa-mir-8841-2	0	0	0	0	0	9.885255909	0	1	1
cfa-mir-8842	0	0	0	0	0	9.885255909	0	1	1
cfa-mir-8843	0	0	0	0	0	9.885255909	0	1	1
cfa-mir-8844	0	0	0	0	0	9.885255909	0	1	1
cfa-mir-8845	0	0	0	0	0	9.885255909	0	1	1
cfa-mir-8846	0	0	0	0	0	9.885255909	0	1	1
cfa-mir-8847	0	0	0	0	0	9.885255909	0	1	1
cfa-mir-8848	0	0	0	0	0	9.885255909	0	1	1
cfa-mir-8849	0	0	0	0	0	9.885255909	0	1	1
cfa-mir-885	0	0	0	0	0	9.885255909	0	1	1
cfa-mir-8850	0	0	0	0	0	9.885255909	0	1	1
cfa-mir-8851	0	0	0	0	0	9.885255909	0	1	1
cfa-mir-8852	0	0	0	0	0	9.885255909	0	1	1
cfa-mir-8853	0	0	0	0	0	9.885255909	0	1	1
cfa-mir-8855	0	0	0	0	0	9.885255909	0	1	1
cfa-mir-8856	0	0	0	0	0	9.885255909	0	1	1
cfa-mir-8857	0	0	0	0	0	9.885255909	0	1	1
cfa-mir-8858	0	0	0	0	0	9.885255909	0	1	1
cfa-mir-8860	0	0	0	0	0	9.885255909	0	1	1
cfa-mir-8861	0	0	0	0	0	9.885255909	0	1	1
cfa-mir-8862	0	0	0	0	0	9.885255909	0	1	1
cfa-mir-8863	0	0	0	0	0	9.885255909	0	1	1
cfa-mir-8864-1	0	0	0	0	0	9.885255909	0	1	1
cfa-mir-8864-2	0	0	0	0	0	9.885255909	0	1	1
cfa-mir-8864-3	0	0	0	0	0	9.885255909	0	1	1
cfa-mir-8864-4	0	0	0	0	0	9.885255909	0	1	1
cfa-mir-8866	0	0	0	0	0	9.885255909	0	1	1
cfa-mir-8867	0	0	0	0	0	9.885255909	0	1	1
cfa-mir-8868	0	0	0	0	0	9.885255909	0	1	1
cfa-mir-8869	0	0	0	0	0	9.885255909	0	1	1
cfa-mir-8870	0	0	0	0	0	9.885255909	0	1	1
cfa-mir-8871	0	0	0	0	0	9.885255909	0	1	1
cfa-mir-8872	0	0	0	0	0	9.885255909	0	1	1
cfa-mir-8873a	0	0	0	0	0	9.885255909	0	1	1
cfa-mir-8873b	0	0	0	0	0	9.885255909	0	1	1
cfa-mir-8874	0	0	0	0	0	9.885255909	0	1	1
cfa-mir-8875	0	0	0	0	0	9.885255909	0	1	1
cfa-mir-8877	0	0	0	0	0	9.885255909	0	1	1
cfa-mir-8878	0	0	0	0	0	9.885255909	0	1	1
cfa-mir-8879	0	0	0	0	0	9.885255909	0	1	1
cfa-mir-8880	0	0	0	0	0	9.885255909	0	1	1
cfa-mir-8881	0	0	0	0	0	9.885255909	0	1	1
cfa-mir-8882	0	0	0	0	0	9.885255909	0	1	1
cfa-mir-8883	0	0	0	0	0	9.885255909	0	1	1
cfa-mir-8885	0	0	0	0	0	9.885255909	0	1	1
cfa-mir-8886	0	0	0	0	0	9.885255909	0	1	1
cfa-mir-8887	0	0	0	0	0	9.885255909	0	1	1
cfa-mir-8888	0	0	0	0	0	9.885255909	0	1	1
cfa-mir-8889	0	0	0	0	0	9.885255909	0	1	1
cfa-mir-8891	0	0	0	0	0	9.885255909	0	1	1
cfa-mir-8892	0	0	0	0	0	9.885255909	0	1	1
cfa-mir-8893	0	0	0	0	0	9.885255909	0	1	1
cfa-mir-8894	0	0	0	0	0	9.885255909	0	1	1
cfa-mir-8895	0	0	0	0	0	9.885255909	0	1	1
cfa-mir-8896	0	0	0	0	0	9.885255909	0	1	1
cfa-mir-8897	0	0	0	0	0	9.885255909	0	1	1
cfa-mir-8898	0	0	0	0	0	9.885255909	0	1	1
cfa-mir-8899	0	0	0	0	0	9.885255909	0	1	1
cfa-mir-8900	0	0	0	0	0	9.885255909	0	1	1
cfa-mir-8901	0	0	0	0	0	9.885255909	0	1	1
cfa-mir-8904a	0	0	0	0	0	9.885255909	0	1	1
cfa-mir-8904b	0	0	0	0	0	9.885255909	0	1	1
cfa-mir-8905	0	0	0	0	0	9.885255909	0	1	1
cfa-mir-8906	0	0	0	0	0	9.885255909	0	1	1
cfa-mir-8907	0	0	0	0	0	9.885255909	0	1	1
cfa-mir-8908a-1-5p	0	0	0	0	0	9.885255909	0	1	1
cfa-mir-8908a-3-5p	0	0	0	0	0	9.885255909	0	1	1
cfa-mir-8908a-4-5p	0	0	0	0	0	9.885255909	0	1	1
cfa-mir-8908b	0	0	0	0	0	9.885255909	0	1	1
cfa-mir-8908c	0	0	0	0	0	9.885255909	0	1	1
cfa-mir-8908e	0	0	0	0	0	9.885255909	0	1	1
cfa-mir-8908f	0	0	0	0	0	9.885255909	0	1	1